866228055370480
866228055351373
866228055127864
866228055022057
866228055377840
866228055400147
866228055305213
866228055270037
866228055067425
866228055270698
866228055435788
866228055367486
866228055476436
866228055000350
866228055013080
866228055473615
866228055377006
866228055382402
866228055025852
866228055409528
866228055219018
866228055160451
866228055006787
866228055285274
866228055398994
866228055007074
866228055109003
866228055157804
866228055367734
866228055394191
866228055255764
866228055013189
866228055302327
866228055412647
866228055150726
866228055184949
866228055366066
866228055266886
866228055054704
866228055288989
866228055361638
866228055199640
866228055238349
866228055503023
866228055391478
866228055500433
866228055104939
866228055002992
866228055150304
866228055409536
866228055242390
866228055384895
866228055248470
866228055126338
866228055025563
866228055457733
866228055451348
866228055782429
866228055346498
866228055492474
866228055225734
866228055006852
866228055318828
866228055190235
866228055341077
866228055025795
866228055382188
866228055782411
866228055316285
866228055241616
866228055449268
866228055369557
866228055245229
866228055449177
866228055426100
866228055401368
866228055033385
866228055181606
866228055454524
866228055254676
866228055482160
866228055449250
866228055399091
866228055485858
866228055012801
866228055473672
866228055389811
866228055477343
866228055043087
866228055460349
866228055378376
866228055415673
866228055027577
866228056587744
866228059885459
866228052293727
866228053542049
866228057259921
866228057735813
866228056395304
866228052254224
866228059903526
866228054291885
866228052257607
866228057326944
866228057582173
866228055401384
866228055068449
866228052716479
866228059780221
866228052390358
866228051952356
866228057513780
866228057505513
866228057236051
866228053501920
866228052228541
866228055238349
866228054316799
866228054219829
866228057391666
866228051802775
866228052215076
866228057626350
866228051278851
866228053658704
866228055486187
866228056553258
866228054478128
866228054400528
866228052530235
866228052236213
866228052301363
866228056904824
866228057688129
866228057485211
866228055035554
866228052126448
866228057096273
866228052604824
866228057198863
866228054264957
866228051896447
866228052477197
866228056655053
866228054444401
866228054237623
866228053574943
866228051931095
866228057497281
866228057250821
866228055419295
866228052709474
866228057289589
866228057632978
866228057342958
866228055162671
866228052255452
866228056997950
866228054153085